3 6 8 15 -1
2 4 15 -1
2 5 7 15 -1
3 4 7 15 -1
3 5 7 15 -1
2 6 15 -1
3 6 7 15 -1
3 5 7 15 -1
3 5 7 15 -1
1 6 15 -1
3 4  7 14 -1
2 5 7 14 -1
2 5 7 14 -1
2 5 7 14 -1
3 4 8 14 -1
2 6 7 14 -1
3 6 9 14 -1
3 5 8 14 -1
2 5 7 14 -1
2 6 14 -1
3 4 9 13 -1
2 4 7 13 -1
2 5 8 13 -1
1 6 7 13 -1
1 5 7 13 -1
2 4 13 -1
3 6 7 13 -1
1 5 7 13 -1
2 4 8 13 -1
1 6 13 -1
3 6 8 15 -1
2 4 15 -1
2 5 7 15 -1
3 4 7 15 -1
3 5 7 15 -1
2 6 15 -1
3 6 7 15 -1
3 5 7 15 -1
3 5 7 15 -1
1 6 15 -1
3 4  7 14 -1
2 5 7 14 -1
2 5 7 14 -1
2 5 7 14 -1
3 4 8 14 -1
2 6 7 14 -1
3 6 9 14 -1
3 5 8 14 -1
2 5 7 14 -1
2 6 14 -1
3 4 9 13 -1
2 4 7 13 -1
2 5 8 13 -1
1 6 7 13 -1
1 5 7 13 -1
2 4 13 -1
3 6 7 13 -1
1 5 7 13 -1
2 4 8 13 -1
1 6 13 -1
3 6 8 15 -1
2 4 15 -1
2 5 7 15 -1
3 4 7 15 -1
3 5 7 15 -1
2 6 15 -1
3 6 7 15 -1
3 5 7 15 -1
3 5 7 15 -1
1 6 15 -1
3 4  7 14 -1
2 5 7 14 -1
2 5 7 14 -1
2 5 7 14 -1
3 4 8 14 -1
2 6 7 14 -1
3 6 9 14 -1
3 5 8 14 -1
2 5 7 14 -1
2 6 14 -1
3 4 9 13 -1
2 4 7 13 -1
2 5 8 13 -1
1 6 7 13 -1
1 5 7 13 -1
2 4 13 -1
3 6 7 13 -1
1 5 7 13 -1
2 4 8 13 -1
1 6 13 -1

